C:/Users/wsl/Desktop/kkbootlaoder/Demo_App_Explorer16.X.production.hex    file is load
send data:[1, 3, 2, 0, 0, 16, 4, 0, 0, 250, 50, 44, 4]
received data:[1, 3, 1, 114, 69, 4]
send data:[1, 3, 16, 4, 0, 52, 0, 250, 18, 0, 0, 188, 11, 92, 4]
received data:[1, 3, 1, 114, 69, 4]
send data:[1, 3, 2, 0, 0, 16, 4, 0, 0, 250, 50, 44, 4]
received data:[1, 3, 1, 114, 69, 4]
send data:[1, 3, 8, 32, 0, 0, 0, 18, 16, 4, 0, 0, 0, 0, 0, 194, 131, 98, 4]
received data:[1, 3, 1, 114, 69, 4]
send data:[1, 3, 2, 0, 0, 16, 4, 0, 0, 250, 50, 44, 4]
received data:[1, 3, 1, 114, 69, 4]
send data:[1, 3, 16, 16, 32, 8, 0, 0, 0, 0, 0, 0, 0, 0, 0, 0, 0, 0, 0, 0, 0, 0, 0, 200, 121, 38, 4]
received data:[1, 3, 1, 114, 69, 4]
send data:[1, 3, 16, 16, 32, 24, 0, 0, 0, 0, 0, 0, 0, 0, 0, 0, 0, 0, 0, 0, 0, 0, 0, 184, 179, 104, 4]
received data:[1, 3, 1, 114, 69, 4]
send data:[1, 3, 16, 16, 32, 40, 0, 0, 0, 0, 0, 0, 0, 0, 0, 0, 0, 0, 0, 0, 0, 0, 0, 168, 101, 42, 4]
received data:[1, 3, 1, 114, 69, 4]
send data:[1, 3, 16, 16, 32, 56, 0, 0, 0, 0, 0, 0, 0, 0, 0, 0, 0, 0, 0, 0, 0, 0, 0, 152, 107, 44, 4]
received data:[1, 3, 1, 114, 69, 4]
send data:[1, 3, 16, 16, 32, 72, 0, 0, 0, 0, 0, 0, 0, 0, 0, 0, 0, 0, 0, 0, 0, 0, 0, 136, 201, 175, 4]
received data:[1, 3, 1, 114, 69, 4]
send data:[1, 3, 16, 16, 32, 88, 0, 0, 0, 0, 0, 0, 0, 0, 0, 0, 0, 0, 0, 0, 0, 0, 0, 120, 139, 112, 4]
received data:[1, 3, 1, 114, 69, 4]
send data:[1, 3, 16, 16, 32, 104, 0, 0, 0, 0, 0, 0, 0, 0, 0, 0, 0, 0, 0, 0, 0, 0, 0, 104, 93, 50, 4]
received data:[1, 3, 1, 114, 69, 4]
send data:[1, 3, 16, 16, 32, 120, 0, 0, 0, 0, 0, 0, 0, 0, 0, 0, 0, 0, 0, 0, 0, 0, 0, 88, 83, 52, 4]
received data:[1, 3, 1, 114, 69, 4]
send data:[1, 3, 16, 16, 32, 136, 0, 0, 0, 0, 0, 0, 0, 0, 0, 0, 0, 0, 0, 0, 0, 0, 0, 72, 56, 37, 4]
received data:[1, 3, 1, 114, 69, 4]
send data:[1, 3, 16, 16, 32, 152, 0, 0, 0, 0, 0, 0, 0, 0, 0, 0, 0, 0, 0, 0, 0, 0, 0, 56, 242, 107, 4]
received data:[1, 3, 1, 114, 69, 4]
send data:[1, 3, 2, 0, 0, 16, 4, 0, 0, 250, 50, 44, 4]
received data:[1, 3, 1, 114, 69, 4]
send data:[1, 3, 16, 16, 36, 0, 0, 47, 0, 33, 0, 14, 255, 36, 0, 14, 16, 1, 136, 0, 0, 0, 0, 0, 180, 202, 107, 4]
received data:[1, 3, 1, 114, 69, 4]
send data:[1, 3, 16, 16, 36, 16, 16, 0, 0, 0, 32, 0, 0, 0, 224, 0, 2, 0, 50, 0, 0, 16, 1, 32, 0, 103, 185, 225, 4]
received data:[1, 3, 1, 114, 69, 4]
send data:[1, 3, 16, 16, 36, 32, 0, 32, 2, 136, 0, 20, 0, 7, 0, 140, 0, 7, 0, 0, 0, 224, 0, 116, 41, 224, 4]
received data:[1, 3, 1, 114, 69, 4]
send data:[1, 3, 16, 16, 36, 48, 0, 3, 0, 58, 0, 224, 61, 33, 0, 16, 1, 0, 32, 0, 2, 0, 55, 0, 199, 22, 52, 4]
received data:[1, 3, 1, 114, 69, 4]
send data:[1, 3, 16, 16, 36, 64, 0, 0, 0, 32, 0, 16, 1, 0, 32, 0, 129, 15, 112, 0, 16, 1, 0, 50, 0, 24, 41, 16, 16, 4]
received data:[1, 3, 1, 114, 69, 4]
send data:[1, 3, 16, 16, 36, 80, 0, 15, 0, 7, 0, 0, 0, 32, 0, 0, 0, 224, 0, 2, 0, 50, 0, 50, 16, 1, 15, 4]
received data:[1, 3, 1, 114, 69, 4]
send data:[1, 3, 16, 16, 36, 96, 0, 0, 0, 2, 0, 0, 0, 0, 0, 48, 19, 2, 0, 0, 0, 0, 0, 37, 63, 193, 4]
received data:[1, 3, 1, 114, 69, 4]
send data:[1, 3, 16, 16, 36, 112, 0, 0, 64, 218, 0, 0, 0, 254, 0, 32, 0, 32, 0, 0, 0, 224, 0, 36, 230, 19, 4]
received data:[1, 3, 1, 114, 69, 4]
send data:[1, 3, 16, 16, 36, 128, 0, 2, 0, 50, 0, 16, 16, 0, 32, 0, 144, 16, 1, 136, 0, 0, 0, 6, 0, 201, 69, 192, 4]
received data:[1, 3, 1, 114, 69, 4]
send data:[1, 3, 16, 16, 36, 144, 0, 161, 2, 136, 0, 128, 16, 4, 120, 0, 0, 0, 235, 0, 31, 0, 55, 0, 212, 70, 45, 4]
received data:[1, 3, 1, 114, 69, 4]
send data:[1, 3, 16, 16, 36, 160, 0, 226, 132, 68, 0, 84, 160, 180, 0, 153, 5, 186, 0, 226, 132, 68, 0, 216, 70, 72, 4]
received data:[1, 3, 1, 114, 69, 4]
send data:[1, 3, 16, 16, 36, 176, 0, 84, 160, 180, 0, 153, 6, 186, 0, 226, 132, 68, 0, 84, 160, 180, 0, 201, 218, 108, 4]
received data:[1, 3, 1, 114, 69, 4]
send data:[1, 3, 16, 16, 36, 192, 0, 0, 6, 235, 0, 71, 111, 222, 0, 253, 7, 178, 0, 174, 16, 1, 136, 0, 154, 224, 75, 4]
received data:[1, 3, 1, 114, 69, 4]
send data:[1, 3, 16, 16, 36, 208, 0, 99, 108, 225, 0, 3, 0, 58, 0, 10, 216, 16, 1, 0, 0, 0, 235, 0, 65, 171, 125, 4]
received data:[1, 3, 1, 114, 69, 4]
send data:[1, 3, 16, 16, 36, 224, 0, 14, 0, 55, 0, 96, 108, 225, 0, 8, 0, 58, 0, 0, 77, 235, 0, 128, 155, 61, 4]
received data:[1, 3, 1, 114, 69, 4]
send data:[1, 3, 16, 16, 36, 240, 0, 10, 5, 232, 0, 2, 0, 57, 0, 52, 32, 236, 0, 10, 240, 160, 0, 208, 180, 136, 4]
received data:[1, 3, 1, 114, 69, 4]
send data:[1, 3, 16, 16, 37, 0, 0, 139, 5, 233, 0, 249, 255, 62, 0, 16, 4, 0, 55, 0, 97, 104, 225, 0, 55, 87, 96, 4]
received data:[1, 3, 1, 114, 69, 4]
send data:[1, 3, 16, 16, 37, 16, 16, 0, 16, 1, 0, 50, 0, 0, 134, 235, 0, 11, 0, 7, 0, 25, 199, 186, 0, 107, 201, 24, 4]
received data:[1, 3, 1, 114, 69, 4]
send data:[1, 3, 16, 16, 37, 32, 0, 14, 16, 4, 224, 0, 25, 5, 186, 0, 3, 0, 58, 0, 10, 0, 224, 0, 186, 50, 174, 4]
received data:[1, 3, 1, 114, 69, 4]
send data:[1, 3, 16, 16, 37, 48, 0, 219, 255, 58, 0, 0, 0, 6, 0, 254, 7, 178, 0, 174, 2, 136, 0, 146, 62, 166, 4]
received data:[1, 3, 1, 114, 69, 4]
send data:[1, 3, 16, 16, 37, 64, 0, 138, 16, 4, 120, 0, 245, 255, 55, 0, 12, 208, 163, 0, 226, 15, 77, 0, 157, 79, 131, 4]
received data:[1, 3, 1, 114]
received data:[]
send data:[1, 3, 16, 16, 37, 80, 0, 28, 0, 57, 0, 137, 2, 120, 0, 53, 77, 186, 0, 10, 5, 232, 0, 240, 160, 166, 4]
received data:[1, 3, 1, 114, 69, 4]
send data:[1, 3, 16, 16, 37, 96, 0, 2, 0, 57, 0, 52, 32, 236, 0, 10, 240, 160, 0, 139, 5, 233, 0, 221, 76, 34, 4]
received data:[1, 3, 1, 114, 69, 4]
send data:[1, 3, 16, 16, 37, 112, 0, 15, 0, 50, 0, 37, 77, 186, 0, 10, 5, 232, 0, 2, 0, 57, 0, 188, 161, 115, 4]
received data:[1, 3, 1, 114, 69, 4]
send data:[1, 3, 16, 16, 37, 128, 0, 52, 32, 236, 0, 10, 240, 160, 0, 139, 5, 233, 0, 8, 0, 50, 0, 190, 234, 68, 4]
received data:[1, 3, 1, 114, 69, 4]
send data:[1, 3, 16, 16, 37, 144, 0, 12, 0, 224, 0, 6, 0, 50, 0, 21, 205, 186, 0, 10, 5, 232, 0, 132, 170, 2, 4]
received data:[1, 3, 1, 114, 69, 4]
send data:[1, 3, 16, 16, 37, 160, 0, 2, 0, 57, 0, 52, 32, 236, 0, 10, 240, 160, 0, 139, 5, 233, 0, 157, 53, 57, 4]
received data:[1, 3, 1, 114, 69, 4]
send data:[1, 3, 16, 16, 37, 176, 0, 137, 132, 232, 0, 84, 160, 180, 0, 11, 0, 224, 0, 226, 255, 58, 0, 120, 172, 155, 4]
received data:[1, 3, 1, 114, 69, 4]
send data:[1, 3, 16, 16, 37, 192, 0, 0, 0, 6, 0, 153, 2, 186, 0, 5, 93, 120, 0, 139, 5, 233, 0, 93, 47, 45, 4]
received data:[1, 3, 1, 114, 69, 4]
send data:[1, 3, 16, 16, 37, 208, 0, 247, 255, 50, 0, 200, 42, 222, 0, 5, 93, 120, 0, 139, 5, 233, 0, 176, 198, 250, 4]
received data:[1, 3, 1, 114, 69, 4]
send data:[1, 3, 16, 16, 37, 224, 0, 243, 255, 50, 0, 12, 0, 224, 0, 241, 255, 50, 0, 25, 221, 186, 0, 9, 101, 13, 4]
received data:[1, 3, 1, 114, 69, 4]
send data:[1, 3, 16, 16, 37, 240, 0, 238, 255, 55, 0, 128, 159, 190, 0, 130, 31, 120, 0, 0, 0, 250, 0, 199, 82, 117, 4]
received data:[1, 3, 1, 114]
received data:[]
send data:[1, 3, 16, 16, 38, 0, 0, 0, 128, 128, 0, 0, 64, 120, 0, 97, 64, 96, 0, 0, 128, 251, 0, 150, 190, 176, 4]
received data:[1, 3, 1, 114, 69, 4]
send data:[1, 3, 16, 16, 38, 16, 16, 0, 97, 0, 96, 0, 73, 0, 221, 0, 162, 112, 128, 0, 241, 223, 47, 0, 66, 97, 201, 4]
received data:[1, 3, 1, 114, 69, 4]
send data:[1, 3, 16, 16, 38, 32, 0, 129, 0, 97, 0, 16, 1, 0, 112, 0, 160, 112, 136, 0, 0, 128, 128, 0, 191, 169, 20, 4]
received data:[1, 3, 1, 114, 69, 4]
send data:[1, 3, 16, 16, 38, 48, 0, 0, 240, 167, 0, 0, 0, 234, 0, 0, 0, 233, 0, 79, 0, 222, 0, 3, 232, 63, 4]
received data:[1, 3, 1, 114, 69, 4]
send data:[1, 3, 16, 16, 38, 64, 0, 0, 128, 136, 0, 0, 33, 239, 0, 0, 104, 169, 0, 0, 128, 250, 0, 231, 219, 97, 4]
received data:[1, 3, 1, 114, 69, 4]
send data:[1, 3, 16, 16, 38, 80, 0, 79, 16, 1, 120, 0, 79, 0, 190, 0, 0, 64, 6, 0, 0, 0, 5, 0, 90, 99, 160, 4]
received data:[1, 3, 1, 114, 69, 4]
send data:[1, 3, 2, 0, 0, 16, 4, 0, 0, 250, 50, 44, 4]
received data:[1, 3, 1, 114, 69, 4]
send data:[1, 3, 16, 16, 38, 96, 0, 0, 0, 250, 0, 43, 0, 7, 0, 17, 46, 169, 0, 0, 238, 169, 0, 191, 186, 21, 4]
received data:[1, 3, 1, 114, 69, 4]
send data:[1, 3, 16, 16, 38, 112, 0, 16, 4, 46, 239, 0, 21, 46, 168, 0, 21, 46, 169, 0, 0, 106, 40, 0, 208, 188, 249, 4]
received data:[1, 3, 1, 114, 69, 4]
send data:[1, 3, 16, 16, 38, 128, 0, 17, 0, 32, 0, 17, 0, 7, 0, 21, 46, 168, 0, 0, 106, 40, 0, 132, 6, 112, 4]
received data:[1, 3, 1, 114, 69, 4]
send data:[1, 3, 16, 16, 38, 144, 0, 17, 0, 32, 0, 13, 0, 7, 0, 21, 46, 169, 0, 0, 106, 40, 0, 119, 5, 63, 4]
received data:[1, 3, 1, 114, 69]
received data:[]
send data:[1, 3, 16, 16, 38, 160, 0, 17, 0, 32, 0, 9, 0, 7, 0, 21, 46, 168, 0, 0, 106, 40, 0, 108, 116, 113, 4]
received data:[1, 3, 1, 114, 69, 4]
send data:[1, 3, 16, 16, 38, 176, 0, 17, 0, 32, 0, 5, 0, 7, 0, 21, 46, 169, 0, 0, 124, 34, 0, 83, 252, 203, 4]
received data:[1, 3, 1, 114, 69, 4]
send data:[1, 3, 16, 16, 38, 192, 0, 145, 0, 32, 0, 16, 1, 0, 7, 0, 235, 255, 55, 0, 16, 4, 0, 250, 0, 50, 27, 35, 4]
received data:[1, 3, 1, 114, 69, 4]
send data:[1, 3, 16, 16, 38, 208, 0, 0, 143, 190, 0, 0, 0, 0, 0, 30, 0, 144, 0, 30, 0, 112, 0, 113, 199, 246, 4]
received data:[1, 3, 1, 114, 69, 4]
send data:[1, 3, 16, 16, 38, 224, 0, 0, 240, 167, 0, 0, 0, 234, 0, 0, 0, 234, 0, 79, 0, 222, 0, 82, 94, 206, 4]
received data:[1, 3, 1, 114, 69, 4]
send data:[1, 3, 16, 16, 38, 240, 0, 0, 64, 120, 0, 0, 129, 235, 0, 128, 129, 235, 0, 30, 15, 65, 0, 92, 120, 238, 4]
received data:[1, 3, 1, 114, 69, 4]
send data:[1, 3, 16, 16, 39, 0, 0, 94, 151, 73, 0, 0, 16, 4, 224, 0, 243, 255, 58, 0, 0, 128, 250, 0, 16, 1, 237, 129, 4]
received data:[1, 3, 1, 114, 69, 4]
send data:[1, 3, 16, 16, 39, 16, 16, 0, 0, 0, 6, 0, 0, 0, 250, 0, 160, 3, 32, 0, 48, 58, 136, 0, 16, 4, 55, 148, 4]
received data:[1, 3, 1, 114, 69, 4]
send data:[1, 3, 16, 16, 39, 32, 0, 33, 58, 128, 0, 240, 243, 47, 0, 0, 128, 96, 0, 32, 58, 136, 0, 250, 8, 74, 4]
received data:[1, 3, 1, 114, 69, 4]
send data:[1, 3, 16, 16, 39, 48, 0, 33, 58, 128, 0, 0, 254, 47, 0, 0, 128, 96, 0, 32, 58, 136, 0, 207, 6, 221, 4]
received data:[1, 3, 1, 114, 69, 4]
send data:[1, 3, 16, 16, 39, 64, 0, 72, 39, 239, 0, 64, 167, 169, 0, 50, 0, 32, 0, 128, 7, 32, 0, 162, 161, 57, 4]
received data:[1, 3, 1, 114, 69, 4]
send data:[1, 3, 16, 16, 39, 80, 0, 161, 9, 32, 0, 51, 116, 32, 0, 128, 73, 120, 0, 129, 73, 120, 0, 101, 110, 231, 4]
received data:[1, 3, 1, 114, 69, 4]
send data:[1, 3, 16, 16, 39, 96, 0, 130, 73, 120, 0, 18, 0, 32, 0, 96, 16, 4, 32, 0, 113, 5, 32, 0, 218, 150, 181, 4]
received data:[1, 3, 1, 114, 69, 4]
send data:[1, 3, 16, 16, 39, 112, 0, 35, 116, 32, 0, 128, 73, 120, 0, 129, 73, 120, 0, 130, 73, 120, 0, 220, 24, 11, 4]
received data:[1, 3, 1, 114, 69, 4]
send data:[1, 3, 16, 16, 39, 128, 0, 0, 0, 0, 0, 17, 58, 128, 0, 0, 0, 39, 0, 128, 128, 96, 0, 247, 213, 230, 4]
received data:[1, 3, 1, 114, 69, 4]
send data:[1, 3, 16, 16, 39, 144, 0, 0, 0, 35, 0, 128, 143, 80, 0, 250, 255, 58, 0, 0, 0, 0, 0, 132, 196, 179, 4]
received data:[1, 3, 1, 114, 69, 4]
send data:[1, 3, 16, 16, 39, 160, 0, 17, 58, 128, 0, 0, 2, 32, 0, 0, 128, 96, 0, 0, 0, 224, 0, 124, 75, 7, 4]
received data:[1, 3, 1, 114, 69, 4]
send data:[1, 3, 12, 39, 176, 0, 251, 255, 50, 0, 0, 128, 250, 0, 0, 0, 6, 0, 113, 249, 226, 4]
received data:[1, 3, 1, 114, 69, 4]
send data:[1, 3, 2, 0, 0, 16, 4, 0, 0, 250, 50, 44, 4]
received data:[1, 3, 1, 114, 69, 4]
send data:[1, 3, 16, 16, 39, 188, 0, 0, 16, 16, 0, 0, 2, 0, 0, 0, 129, 0, 0, 0, 16, 1, 0, 0, 0, 121, 167, 196, 4]
received data:[1, 3, 1, 114, 69, 4]
send data:[1, 3, 16, 4, 39, 204, 0, 0, 0, 0, 0, 9, 7, 36, 4]
received data:[1, 3, 1, 114, 69, 4]
send data:[1, 3, 2, 0, 0, 16, 4, 0, 0, 250, 50, 44, 4]
received data:[1, 3, 1, 114, 69, 4]
send data:[1, 3, 2, 0, 0, 16, 4, 0, 2, 248, 18, 106, 4]
received data:[1, 3, 1, 114, 69, 4]
send data:[1, 3, 16, 4, 175, 224, 0, 206, 255, 0, 0, 160, 177, 104, 4]
received data:[1, 3, 1, 114, 69, 4]
send data:[1, 3, 2, 0, 0, 16, 4, 0, 0, 250, 50, 44, 4]
received data:[1, 3, 1, 114, 69, 4]
send data:[1, 3, 2, 0, 0, 16, 4, 0, 2, 248, 18, 106, 4]
received data:[1, 3, 1, 114, 69, 4]
send data:[1, 3, 16, 4, 175, 228, 0, 255, 255, 0, 0, 107, 239, 103, 4]
received data:[1, 3, 1, 114, 69, 4]
send data:[1, 3, 2, 0, 0, 16, 4, 0, 0, 250, 50, 44, 4]
received data:[1, 3, 1, 114, 69, 4]
send data:[1, 3, 2, 0, 0, 16, 4, 0, 2, 248, 18, 106, 4]
received data:[1, 3, 1, 114, 69, 4]
send data:[1, 3, 16, 4, 175, 232, 0, 127, 255, 0, 0, 231, 80, 71, 4]
received data:[1, 3, 1, 114, 69, 4]
send data:[1, 3, 2, 0, 0, 16, 4, 0, 0, 250, 50, 44, 4]
received data:[1, 3, 1, 114, 69, 4]
send data:[1, 3, 2, 0, 0, 16, 4, 0, 2, 248, 18, 106, 4]
received data:[1, 3, 1, 114, 69, 4]
send data:[1, 3, 16, 4, 175, 236, 0, 121, 255, 0, 0, 233, 221, 170, 4]
received data:[1, 3, 1, 114, 69, 4]
send data:[1, 3, 2, 0, 0, 16, 4, 0, 0, 250, 50, 44, 4]
received data:[1, 3, 1, 114, 69, 4]
send data:[1, 3, 2, 0, 0, 16, 4, 0, 2, 248, 18, 106, 4]
received data:[1, 3, 1, 114, 69, 4]
send data:[1, 3, 16, 4, 175, 240, 0, 57, 255, 0, 0, 37, 101, 198, 4]
received data:[1, 3, 1, 114, 69, 4]
send data:[1, 3, 2, 0, 0, 16, 4, 0, 0, 250, 50, 44, 4]
received data:[1, 3, 1, 114, 69, 4]
send data:[1, 3, 2, 0, 0, 16, 4, 0, 2, 248, 18, 106, 4]
received data:[1, 3, 1, 114, 69, 4]
send data:[1, 3, 16, 4, 175, 244, 0, 255, 255, 0, 0, 91, 199, 102, 4]
received data:[1, 3, 1, 114, 69, 4]
send data:[1, 3, 0, 0, 0, 16, 1, 255, 33, 227, 4]
received data:[1, 3, 1, 114, 69, 4]